# nr I_0 [L_sun/pc^2] sigma [arcsec] qp ic
# ic=0,1,2 for central, bulge and disk component
       1       24161.137      0.37948681       1.0000000       0
       2       16980.543      0.10000000      0.90000000       1
       3       14945.128      0.22963879      0.90000000       1
       4       12930.457      0.45522076      0.90000000       1
       5       10797.953      0.84004736      0.90000000       1
       6       8245.0399       1.4842925      0.90000000       1
       7       5595.0169       2.5293539      0.90000000       1
       8       3318.1815       4.1683688      0.90000000       1
       9       1694.8793       6.6583529      0.90000000       1
      10       734.89370       10.331678      0.90000000       1
      11       266.75954       15.608127      0.90000000       1
      12       79.954800       23.017374      0.90000000       1
      13       19.438709       33.253517      0.90000000       1
      14       3.7215536       47.281548      0.90000000       1
      15      0.53450738       66.509193      0.90000000       1
      16     0.053428950       93.111855      0.90000000       1
      17    0.0032628159       130.93590      0.90000000       1
      18   8.9170989e-05       189.04308      0.90000000       1
      19   4.7588049e-08       307.69373      0.90000000       1
      20   1.9361340e-07       323.26837      0.90000000       1
      21       30.418368      0.69244897      0.77000000       2
      22       84.000906       2.8653176      0.77000000       2
      23       176.59751       8.0131779      0.77000000       2
      24       287.48955       17.804564      0.77000000       2
      25       340.67793       33.289436      0.77000000       2
      26       267.02885       54.338100      0.77000000       2
      27       125.55920       80.138176      0.77000000       2
      28       31.534434       110.26908      0.77000000       2
      29       3.3789726       145.58574      0.77000000       2
      30     0.086940744       189.76167      0.77000000       2
